109 68 109 230 109 162 109 216 182 182 97 182 8 182 193 182 184 52 52 220 52 181 52 197 52 203 52 61 52 150 160 160 210 160 140 160 

92 36 92 227 92 90 92 155 32 32 123 32 237 32 9 32 105 231 231 74 231 160 231 174 231 193 231 105 231 108 73 73 155 73 228 73 

181 209 181 175 181 133 181 164 143 143 192 143 79 143 94 143 113 42 42 13 42 222 42 52 42 223 42 219 42 205 162 162 42 162 202 162 

56 45 56 342 56 53 56 143 236 236 290 236 49 236 478 236 96 205 205 168 205 96 205 293 205 220 205 435 205 134 126 126 45 126 104 126 

35 165 35 200 35 215 35 69 281 281 435 281 189 281 311 281 502 69 69 296 69 212 69 446 69 134 69 20 69 320 155 155 231 155 143 155 

29 219 29 306 29 240 29 434 132 132 355 132 442 132 325 132 470 103 103 174 103 73 103 65 103 345 103 294 103 188 199 199 366 199 466 199 

98 487 98 447 98 191 98 193 51 51 416 51 413 51 336 51 339 350 350 376 350 82 350 340 350 35 350 319 350 81 468 468 149 468 131 468 

157 161 157 28 157 344 157 446 265 265 371 265 464 265 421 265 342 142 142 206 142 113 142 173 142 228 142 44 142 161 290 290 292 290 52 290 

86 205 86 37 86 95 86 123 264 264 323 264 391 264 353 264 78 257 257 147 257 197 257 79 257 468 257 276 257 486 146 146 341 146 171 146 


